# HadCRUT4.6.0.0 northern hemisphere average
# <a href="http://www.metoffice.gov.uk/hadobs/hadcrut4/data/current/download.html" target="_new">Met Office Hadley Centre</a>
# error estimates not yet used
# file :: /data/storage/climexp/data/ihadcrut4_nh.dat
# description :: HadCRUT4 NH
# institution :: KNMI Climate Explorer and UK Met Office / Hadley Centre
# source_url :: http://www.metoffice.gov.uk/hadobs/hadcrut4/data/current/time_series//HadCRUT.4.6.0.0.monthly_nh.txt
# source :: https://www.metoffice.gov.uk/hadobs/hadcrut4/
# references :: Morice, C. P., J. J. Kennedy, N. A. Rayner, and P. D. Jones (2012), Quantifying uncertainties in global and regional temperature change using an ensemble of observational estimates: The HadCRUT4 dataset, J. Geophys. Res., 117, D08101, doi:10.1029/2011JD017187.
# climexp_url :: https://climexp.knmi.nl/getindices.cgi?UKMOData/hadcrut4_nh
# comment :: 
# history ::  2019-02-17  4:02:49 bin/selectyear 1945 2018 data/ihadcrut4_nh.dat hadcrut4_nh_1945:2018\n 2019-02-14  7:51:03 dat2nc ./data/ihadcrut4_nh.dat i HadCRUT4_NH ./data/ihadcrut4_nh.nc nretrieved Mon Feb 11 10:01:21 MET 2019
# Ta [Celsius] HadCRUT.4.6.0.0 T2m/SST northern hemisphere temperature
 1945 -0.4000000E-02 -0.2540000     -0.1070000      0.1720000       0.000000      0.3900000E-01 -0.1400000E-01  0.2640000      0.1870000      0.2400000      0.5800000E-01 -0.3030000    
 1946  0.3100000      0.1800000     -0.6000000E-01  0.3280000     -0.5500000E-01 -0.1050000      0.6000000E-02  0.1100000E-01  0.6500000E-01  0.5000000E-02  0.5400000E-01 -0.4490000    
 1947 -0.2330000     -0.2190000      0.3100000E-01  0.1690000     -0.5600000E-01 -0.7400000E-01 -0.4900000E-01  0.3100000E-01  0.1060000      0.3870000      0.1330000     -0.5300000E-01
 1948  0.4470000     -0.6200000E-01 -0.2300000      0.9100000E-01  0.2110000      0.2180000      0.2500000E-01  0.1480000      0.7700000E-01  0.1400000      0.6700000E-01 -0.2080000    
 1949  0.3610000     -0.7000000E-01 -0.2230000      0.6200000E-01  0.4200000E-01 -0.1740000     -0.1350000      0.4600000E-01 -0.1230000      0.1200000      0.1000000E-01 -0.2460000    
 1950 -0.3890000     -0.2480000     -0.1150000     -0.1850000     -0.6800000E-01 -0.1190000     -0.1850000     -0.1710000     -0.6600000E-01 -0.8000000E-02 -0.4080000     -0.8800000E-01
 1951 -0.2960000     -0.5740000     -0.3170000      0.1600000E-01  0.1290000      0.2000000E-01  0.1240000      0.3040000      0.3250000      0.3050000      0.8300000E-01  0.4890000    
 1952  0.2550000      0.1150000     -0.3160000      0.9700000E-01  0.8900000E-01  0.1720000      0.1550000      0.1490000      0.1710000     -0.6000000E-02 -0.3400000     -0.8100000E-01
 1953  0.2010000      0.2690000      0.2200000      0.2750000      0.1750000      0.2360000      0.2070000      0.2610000      0.1770000      0.2270000     -0.6500000E-01  0.2050000    
 1954 -0.2730000     -0.7700000E-01 -0.2620000     -0.7900000E-01 -0.1770000      0.1100000E-01 -0.6500000E-01  0.1600000E-01  0.6000000E-01  0.8500000E-01  0.1990000     -0.1560000    
 1955  0.3750000     -0.1050000     -0.5580000     -0.2370000     -0.6600000E-01 -0.6000000E-01 -0.2500000E-01  0.9400000E-01 -0.1700000E-01  0.4100000E-01 -0.2550000     -0.2490000    
 1956 -0.8600000E-01 -0.4090000     -0.3560000     -0.3160000     -0.2370000     -0.2070000     -0.2450000     -0.2230000     -0.3100000     -0.2240000     -0.3150000     -0.2180000    
 1957 -0.1810000     -0.1240000     -0.3230000     -0.1150000     -0.5500000E-01  0.6700000E-01  0.5300000E-01  0.1720000      0.1480000      0.1400000E-01  0.1060000      0.3550000    
 1958  0.5030000      0.3000000      0.1500000E-01  0.4200000E-01  0.3500000E-01  0.4000000E-01  0.2100000E-01  0.1290000      0.2700000E-01  0.8000000E-01  0.7400000E-01  0.1340000    
 1959  0.2390000      0.1250000      0.1800000      0.1160000      0.1800000E-01  0.1190000      0.5700000E-01  0.1020000      0.1370000     -0.6400000E-01 -0.1630000      0.2000000E-02
 1960  0.3000000E-01  0.3350000     -0.4890000     -0.1600000     -0.1060000      0.1100000      0.8100000E-01  0.8600000E-01  0.1200000     -0.1000000E-02 -0.1370000      0.3150000    
 1961  0.1480000      0.3010000      0.1580000      0.1020000      0.7100000E-01  0.1270000      0.6300000E-01  0.7100000E-01 -0.6000000E-01 -0.8800000E-01  0.3000000E-02 -0.1060000    
 1962  0.2200000      0.3170000      0.8900000E-01  0.1490000      0.4200000E-01 -0.1400000      0.1190000      0.4500000E-01 -0.3000000E-02  0.8900000E-01  0.2800000E-01  0.1060000    
 1963  0.9400000E-01  0.4450000     -0.1790000     -0.4200000E-01 -0.4600000E-01 -0.3100000E-01  0.1610000      0.2040000      0.2020000      0.4650000      0.4400000      0.6600000E-01
 1964  0.7700000E-01 -0.1200000     -0.3970000     -0.2700000     -0.6200000E-01 -0.6500000E-01 -0.6000000E-01 -0.2120000     -0.2610000     -0.2460000     -0.1790000     -0.2430000    
 1965 -0.4000000E-02 -0.4070000     -0.1730000     -0.3000000     -0.1560000     -0.1710000     -0.1440000     -0.1460000     -0.1300000      0.7400000E-01 -0.7400000E-01  0.1500000E-01
 1966 -0.7500000E-01  0.9000000E-02  0.1800000E-01 -0.1590000     -0.6800000E-01  0.5800000E-01  0.9900000E-01  0.1610000      0.1120000      0.5900000E-01 -0.1500000E-01 -0.1540000    
 1967 -0.1720000     -0.2560000      0.7800000E-01  0.4800000E-01  0.1560000     -0.8000000E-02  0.5700000E-01  0.8700000E-01 -0.3000000E-02  0.2770000      0.5300000E-01 -0.2000000E-02
 1968 -0.2650000     -0.1280000      0.3380000     -0.6600000E-01 -0.5000000E-01 -0.3000000E-01 -0.6200000E-01 -0.5000000E-01 -0.3800000E-01 -0.1200000E-01 -0.1390000     -0.2650000    
 1969 -0.4740000     -0.4820000     -0.1840000      0.3700000E-01  0.4400000E-01 -0.6700000E-01  0.3900000E-01  0.1500000E-01  0.1300000E-01 -0.2400000E-01  0.1650000      0.2690000    
 1970 -0.1400000E-01  0.1910000     -0.1750000      0.2700000E-01 -0.6300000E-01 -0.2100000E-01 -0.4900000E-01 -0.4400000E-01 -0.4500000E-01 -0.1610000     -0.5900000E-01 -0.2500000    
 1971 -0.3100000E-01 -0.3430000     -0.3860000     -0.2550000     -0.2070000     -0.2160000     -0.1920000     -0.1990000     -0.1940000     -0.1800000      0.8000000E-02 -0.1150000    
 1972 -0.7030000     -0.5600000     -0.2190000     -0.1080000     -0.1930000     -0.8700000E-01 -0.7500000E-01 -0.6500000E-01 -0.2650000     -0.7800000E-01 -0.2340000     -0.6400000E-01
 1973  0.1400000E-01  0.3550000      0.1890000      0.1190000      0.5500000E-01  0.6700000E-01 -0.3600000E-01 -0.2000000E-01 -0.1200000     -0.1340000     -0.1210000     -0.6900000E-01
 1974 -0.4540000     -0.4760000     -0.2000000     -0.1690000     -0.2710000     -0.2110000     -0.1580000     -0.1370000     -0.1680000     -0.2900000     -0.3010000     -0.2940000    
 1975  0.1110000     -0.2000000E-01  0.8000000E-02 -0.4700000E-01 -0.9400000E-01 -0.1440000     -0.1250000     -0.1570000     -0.1240000     -0.2350000     -0.3600000     -0.2850000    
 1976 -0.5700000E-01 -0.3310000     -0.5670000     -0.1160000     -0.3100000     -0.2720000     -0.3030000     -0.2200000     -0.1740000     -0.4930000     -0.3590000     -0.3180000    
 1977 -0.3700000     -0.1500000E-01  0.1340000      0.1530000      0.1090000      0.1580000      0.3200000E-01 -0.1700000E-01  0.1170000     -0.8500000E-01  0.2360000     -0.4100000E-01
 1978  0.8100000E-01 -0.4600000E-01  0.5000000E-01 -0.3000000E-02 -0.1510000     -0.1730000     -0.1300000     -0.1930000     -0.5300000E-01 -0.4100000E-01  0.1330000     -0.1440000    
 1979 -0.1200000     -0.2920000     -0.2900000E-01 -0.2210000     -0.7500000E-01  0.3900000E-01  0.5000000E-02 -0.2000000E-01  0.1050000      0.1330000      0.8100000E-01  0.4700000    
 1980  0.8800000E-01  0.2030000     -0.1800000      0.8100000E-01  0.1300000      0.1130000      0.8900000E-01  0.3900000E-01  0.2800000E-01  0.1700000E-01  0.1590000      0.4500000E-01
 1981  0.6110000      0.4250000      0.4030000      0.2280000      0.5700000E-01  0.1780000      0.7500000E-01  0.1250000      0.7700000E-01  0.9600000E-01  0.1650000      0.3910000    
 1982 -0.1930000      0.4500000E-01 -0.1930000      0.7300000E-01  0.2500000E-01 -0.6600000E-01 -0.2600000E-01 -0.1000000      0.2700000E-01 -0.4600000E-01 -0.1630000      0.2640000    
 1983  0.4900000      0.2360000      0.1640000     -0.2000000E-01 -0.1100000E-01  0.5800000E-01  0.1580000      0.2080000      0.1960000      0.7900000E-01  0.3890000      0.6300000E-01
 1984  0.1620000     -0.9800000E-01  0.4900000E-01 -0.1200000      0.1210000     -0.5600000E-01  0.5000000E-02  0.1600000E-01 -0.9500000E-01 -0.1000000     -0.2870000     -0.6080000    
 1985 -0.1040000     -0.4180000     -0.2200000     -0.1280000     -0.8700000E-01 -0.8600000E-01 -0.1880000     -0.6000000E-01 -0.9100000E-01 -0.5500000E-01 -0.1080000     -0.2400000E-01
 1986  0.2400000      0.9100000E-01  0.4700000E-01  0.7800000E-01  0.4900000E-01  0.5600000E-01 -0.5600000E-01 -0.3000000E-01 -0.5100000E-01  0.1100000E-01 -0.8100000E-01 -0.5100000E-01
 1987  0.5000000E-01  0.4080000     -0.1480000     -0.4900000E-01  0.1550000      0.7700000E-01  0.1970000      0.2500000      0.2980000      0.1410000      0.4300000E-01  0.4170000    
 1988  0.4410000      0.1840000      0.2530000      0.2750000      0.2140000      0.2850000      0.2920000      0.1970000      0.1910000      0.1390000      0.2200000E-01  0.3130000    
 1989 -0.1200000E-01  0.2410000      0.2220000      0.1260000      0.1320000      0.1420000      0.2490000      0.1980000      0.1680000      0.2090000      0.2800000E-01  0.2620000    
 1990  0.2730000      0.4120000      0.9210000      0.4910000      0.3450000      0.3700000      0.2620000      0.3460000      0.3470000      0.4220000      0.4290000      0.3300000    
 1991  0.4640000      0.4520000      0.1710000      0.4970000      0.2650000      0.4040000      0.3960000      0.3020000      0.2440000      0.2530000      0.2220000      0.1300000    
 1992  0.5330000      0.4580000      0.2790000      0.2600000E-01  0.9600000E-01  0.2100000E-01 -0.1050000     -0.9800000E-01 -0.2000000     -0.1220000     -0.1360000      0.1420000    
 1993  0.3840000      0.4370000      0.2710000      0.1090000      0.1670000      0.1660000      0.8800000E-01  0.3700000E-01 -0.6700000E-01  0.6200000E-01 -0.2850000      0.2080000    
 1994  0.2440000     -0.1030000      0.3080000      0.3420000      0.2640000      0.3230000      0.2390000      0.2850000      0.2880000      0.4950000      0.4100000      0.2630000    
 1995  0.6460000       1.002000      0.4370000      0.4540000      0.2650000      0.4500000      0.3510000      0.5020000      0.3480000      0.4970000      0.4530000      0.2440000    
 1996  0.1310000      0.3950000      0.8400000E-01  0.3000000E-01  0.2400000      0.2290000      0.2610000      0.1770000      0.8300000E-01  0.7100000E-01  0.1380000      0.2620000    
 1997  0.3200000      0.4780000      0.4880000      0.3770000      0.3800000      0.4880000      0.4220000      0.5020000      0.4650000      0.6310000      0.4650000      0.4520000    
 1998  0.5140000      0.9600000      0.5060000      0.7250000      0.5840000      0.6490000      0.7460000      0.7170000      0.5130000      0.5020000      0.3060000      0.6540000    
 1999  0.5060000      0.9230000      0.1210000      0.4530000      0.2860000      0.2720000      0.3270000      0.2990000      0.3490000      0.3980000      0.3440000      0.6260000    
 2000  0.2880000      0.7100000      0.6180000      0.7200000      0.4900000      0.3300000      0.3860000      0.4820000      0.3510000      0.2330000      0.9900000E-01  0.1560000    
 2001  0.4650000      0.3340000      0.6350000      0.5570000      0.6150000      0.4650000      0.5860000      0.6330000      0.4970000      0.5500000      0.8760000      0.5000000    
 2002  0.8980000       1.070000      0.8700000      0.4600000      0.4100000      0.5840000      0.5870000      0.4760000      0.5220000      0.3950000      0.5930000      0.2660000    
 2003  0.7790000      0.4640000      0.4790000      0.4930000      0.5990000      0.4770000      0.5850000      0.7680000      0.7300000      0.8850000      0.5740000      0.8840000    
 2004  0.6590000      0.8790000      0.7390000      0.5890000      0.4250000      0.4140000      0.5000000      0.5240000      0.5980000      0.6060000      0.9100000      0.4260000    
 2005  0.7380000      0.4290000      0.6780000      0.7940000      0.6830000      0.7180000      0.7270000      0.6620000      0.8410000      0.8420000      0.9300000      0.6400000    
 2006  0.3820000      0.7140000      0.5720000      0.4920000      0.5710000      0.7310000      0.5950000      0.7020000      0.7100000      0.8210000      0.7690000       1.049000    
 2007   1.289000      0.7430000      0.7260000      0.8370000      0.6130000      0.5670000      0.5930000      0.6770000      0.5810000      0.6780000      0.6180000      0.6340000    
 2008  0.1860000      0.3760000      0.9610000      0.5190000      0.4900000      0.5530000      0.5820000      0.5680000      0.5090000      0.7580000      0.8060000      0.5230000    
 2009  0.6260000      0.5980000      0.4600000      0.5960000      0.4640000      0.6310000      0.6450000      0.6500000      0.7610000      0.6600000      0.5910000      0.4620000    
 2010  0.6340000      0.6720000      0.8250000      0.8490000      0.7380000      0.7760000      0.8540000      0.7940000      0.6020000      0.7230000      0.9870000      0.4210000    
 2011  0.3370000      0.3650000      0.5210000      0.6760000      0.5280000      0.6540000      0.6590000      0.6630000      0.6310000      0.7250000      0.4580000      0.6690000    
 2012  0.4560000      0.3440000      0.4520000      0.8440000      0.8170000      0.7960000      0.7660000      0.7010000      0.7470000      0.6890000      0.6990000      0.2270000    
 2013  0.5840000      0.6910000      0.5290000      0.5230000      0.6800000      0.6790000      0.6600000      0.7290000      0.6670000      0.6920000      0.9600000      0.7040000    
 2014  0.7160000      0.4130000      0.8420000      0.8730000      0.7530000      0.8140000      0.7790000      0.9400000      0.8310000      0.8150000      0.6330000      0.9350000    
 2015   1.030000       1.009000      0.9860000      0.8710000      0.9290000      0.9660000      0.8560000      0.9780000       1.099000       1.087000       1.133000       1.433000    
 2016   1.186000       1.572000       1.436000       1.191000      0.9350000       1.038000      0.9750000       1.061000       1.066000      0.7840000      0.6930000      0.8420000    
 2017   1.029000       1.146000       1.165000      0.9630000      0.7680000      0.8530000      0.8620000      0.9400000      0.8080000      0.7790000      0.8490000      0.9180000    
 2018  0.7670000      0.7780000      0.8640000      0.7520000      0.7660000      0.8240000      0.7940000      0.7800000      0.7960000      0.9230000      0.6920000      0.7040000    
