# from <a href="http://research.jisao.washington.edu/pdo/">JISAO</a>
# file :: /data/storage/climexp/data/ipdo.dat
# description :: PDO
# insitution :: University of Washington, JISAO
# author :: Nate Mantua
# contact :: nate.mantua@noaa.gov
# link :: http://research.jisao.washington.edu/pdo/
# source :: http://research.jisao.washington.edu/pdo/PDO.latest
# reference :: Mantua, N.J. and S.R. Hare, Y. Zhang, J.M. Wallace, and R.C. Francis, 1997: A Pacific interdecadal climate oscillation with impacts on salmon production. BAMS, 78, 1069-1079.
# data_source :: UKMO Historical SST data set for 1900-81, Reynold's Optimally Interpolated SST (V1) for January 1982-Dec 2001, OI SST Version 2 (V2) beginning January 2002
# comment :: 
# institution :: KNMI Climate Explorer
# history ::  2019-02-20  6:55:46 bin/selectyear 1945 2018 data/ipdo.dat pdo_1945:2018\n 2019-02-18  7:48:52 bin/dat2nc data/ipdo.dat i PDO data/ipdo.nc nretrieved at Tue Oct 23 15:30:51 MEST 2018
# PDO [1] Pacific Decadal Oscillation index
 1945  -1.020000      0.7200000     -0.4200000     -0.4000000     -0.7000000E-01  0.5600000       1.020000      0.1800000     -0.2700000      0.1000000      -1.940000     -0.7400000    
 1946 -0.9100000     -0.3200000     -0.4100000     -0.7800000      0.5000000     -0.8600000     -0.8400000     -0.3600000     -0.2200000     -0.3600000      -1.480000     -0.9600000    
 1947 -0.7300000     -0.2900000       1.170000      0.7000000      0.3700000       1.360000      0.1600000      0.3000000      0.5800000      0.8500000     -0.1400000       1.670000    
 1948 -0.1100000     -0.7400000     -0.3000000E-01  -1.330000     -0.2300000      0.8000000E-01 -0.9200000      -1.560000      -1.740000      -1.320000     -0.8900000      -1.700000    
 1949  -2.010000      -3.600000      -1.000000     -0.5300000      -1.070000     -0.7000000     -0.5600000      -1.300000     -0.9300000      -1.410000     -0.8300000     -0.8000000    
 1950  -2.130000      -2.910000      -1.130000      -1.200000      -2.230000      -1.770000      -2.930000     -0.7000000      -2.140000      -1.360000      -2.460000     -0.7600000    
 1951  -1.540000      -1.060000      -1.900000     -0.3600000     -0.2500000      -1.090000      0.7000000      -1.370000     -0.8000000E-01 -0.3200000     -0.2800000      -1.680000    
 1952  -2.010000     -0.4600000     -0.6300000      -1.050000      -1.000000      -1.430000      -1.250000     -0.6000000     -0.8900000     -0.3500000     -0.7600000      0.4000000E-01
 1953 -0.5700000     -0.7000000E-01  -1.120000      0.5000000E-01  0.4300000      0.2900000      0.7400000      0.5000000E-01 -0.6300000      -1.090000     -0.3000000E-01  0.7000000E-01
 1954  -1.320000      -1.610000     -0.5200000      -1.330000      0.1000000E-01  0.9700000      0.4300000      0.8000000E-01 -0.9400000      0.5200000      0.7200000     -0.5000000    
 1955  0.2000000      -1.520000      -1.260000      -1.970000      -1.210000      -2.440000      -2.350000      -2.250000      -1.950000      -2.800000      -3.080000      -2.750000    
 1956  -2.480000      -2.740000      -2.560000      -2.170000      -1.410000      -1.700000      -1.030000      -1.160000     -0.7100000      -2.300000      -2.110000      -1.280000    
 1957  -1.820000     -0.6800000      0.3000000E-01 -0.5800000      0.5700000       1.760000      0.7200000      0.5100000       1.590000       1.500000     -0.3200000     -0.5500000    
 1958  0.2500000      0.6200000      0.2500000       1.060000       1.280000       1.330000      0.8900000       1.060000      0.2900000      0.1000000E-01 -0.1800000      0.8600000    
 1959  0.6900000     -0.4300000     -0.9500000     -0.2000000E-01  0.2300000      0.4400000     -0.5000000     -0.6200000     -0.8500000      0.5200000       1.110000      0.6000000E-01
 1960  0.3000000      0.5200000     -0.2100000      0.9000000E-01  0.9100000      0.6400000     -0.2700000     -0.3800000     -0.9400000      0.9000000E-01 -0.2300000      0.1700000    
 1961   1.180000      0.4300000      0.9000000E-01  0.3400000     -0.6000000E-01 -0.6100000      -1.220000      -1.130000      -2.010000      -2.280000      -1.850000      -2.690000    
 1962  -1.290000      -1.150000      -1.420000     -0.8000000      -1.220000      -1.620000      -1.460000     -0.4800000      -1.580000      -1.550000     -0.3700000     -0.9600000    
 1963 -0.3300000     -0.1600000     -0.5400000     -0.4100000     -0.6500000     -0.8800000      -1.000000      -1.030000      0.4500000     -0.5200000      -2.080000      -1.080000    
 1964  0.1000000E-01 -0.2100000     -0.8700000      -1.030000      -1.910000     -0.3200000     -0.5100000      -1.030000     -0.6800000     -0.3700000     -0.8000000      -1.520000    
 1965  -1.240000      -1.160000      0.4000000E-01  0.6200000     -0.6600000     -0.8000000     -0.4700000      0.2000000      0.5900000     -0.3600000     -0.5900000      0.6000000E-01
 1966 -0.8200000     -0.3000000E-01  -1.290000      0.6000000E-01 -0.5300000      0.1600000      0.2600000     -0.3500000     -0.3300000      -1.170000      -1.150000     -0.3200000    
 1967 -0.2000000     -0.1800000      -1.200000     -0.8900000      -1.240000      -1.160000     -0.8900000      -1.240000     -0.7200000     -0.6400000     -0.5000000E-01 -0.4000000    
 1968 -0.9500000     -0.4000000     -0.3100000      -1.030000     -0.5300000     -0.3500000      0.5300000      0.1900000      0.6000000E-01 -0.3400000     -0.4400000      -1.270000    
 1969  -1.260000     -0.9500000     -0.5000000     -0.4400000     -0.2000000      0.8900000      0.1000000     -0.8100000     -0.6600000       1.120000      0.1500000       1.380000    
 1970  0.6100000      0.4300000       1.330000      0.4300000     -0.4900000      0.6000000E-01 -0.6800000      -1.630000      -1.670000      -1.390000     -0.8000000     -0.9700000    
 1971  -1.900000      -1.740000      -1.680000      -1.590000      -1.550000      -1.550000      -2.200000     -0.1500000      0.2100000     -0.2200000      -1.250000      -1.870000    
 1972  -1.990000      -1.830000      -2.090000      -1.650000      -1.570000      -1.870000     -0.8300000      0.2500000      0.1700000      0.1100000      0.5700000     -0.3300000    
 1973 -0.4600000     -0.6100000     -0.5000000     -0.6900000     -0.7600000     -0.9700000     -0.5700000      -1.140000     -0.5100000     -0.8700000      -1.810000     -0.7600000    
 1974  -1.220000      -1.650000     -0.9000000     -0.5200000     -0.2800000     -0.3100000     -0.8000000E-01  0.2700000      0.4400000     -0.1000000      0.4300000     -0.1200000    
 1975 -0.8400000     -0.7100000     -0.5100000      -1.300000      -1.020000      -1.160000     -0.4000000      -1.070000      -1.230000      -1.290000      -2.080000      -1.610000    
 1976  -1.140000      -1.850000     -0.9600000     -0.8900000     -0.6800000     -0.6700000      0.6100000       1.280000      0.8200000       1.110000       1.250000       1.220000    
 1977   1.650000       1.110000      0.7200000      0.3000000      0.3100000      0.4200000      0.1900000      0.6400000     -0.5500000     -0.6100000     -0.7200000     -0.6900000    
 1978  0.3400000       1.450000       1.340000       1.290000      0.9000000      0.1500000      -1.240000     -0.5600000     -0.4400000      0.1000000     -0.7000000E-01 -0.4300000    
 1979 -0.5800000      -1.330000      0.3000000      0.8900000       1.090000      0.1700000      0.8400000      0.5200000       1.000000       1.060000      0.4800000     -0.4200000    
 1980 -0.1100000       1.320000       1.090000       1.490000       1.200000     -0.2200000      0.2300000      0.5100000      0.1000000       1.350000      0.3700000     -0.1000000    
 1981  0.5900000       1.460000      0.9900000       1.450000       1.750000       1.690000      0.8400000      0.1800000      0.4200000      0.1800000      0.8000000      0.6700000    
 1982  0.3400000      0.2000000      0.1900000     -0.1900000     -0.5800000     -0.7800000      0.5800000      0.3900000      0.8400000      0.3700000     -0.2500000      0.2600000    
 1983  0.5600000       1.140000       2.110000       1.870000       1.800000       2.360000       3.510000       1.850000      0.9100000      0.9600000       1.020000       1.690000    
 1984   1.500000       1.210000       1.770000       1.520000       1.300000      0.1800000     -0.1800000     -0.3000000E-01  0.6700000      0.5800000      0.7100000      0.8200000    
 1985   1.270000      0.9400000      0.5700000      0.1900000       0.000000      0.1800000       1.070000      0.8100000      0.4400000      0.2900000     -0.7500000      0.3800000    
 1986   1.120000       1.610000       2.180000       1.550000       1.160000      0.8900000       1.380000      0.2200000      0.2200000       1.000000       1.770000       1.770000    
 1987   1.880000       1.750000       2.100000       2.160000       1.850000      0.7300000       2.010000       2.830000       2.440000       1.360000       1.470000       1.270000    
 1988  0.9300000       1.240000       1.420000      0.9400000       1.200000      0.7400000      0.6400000      0.1900000     -0.3700000     -0.1000000     -0.2000000E-01 -0.4300000    
 1989 -0.9500000      -1.020000     -0.8300000     -0.3200000      0.4700000      0.3600000      0.8300000      0.9000000E-01  0.5000000E-01 -0.1200000     -0.5000000     -0.2100000    
 1990 -0.3000000     -0.6500000     -0.6200000      0.2700000      0.4400000      0.4400000      0.2700000      0.1100000      0.3800000     -0.6900000      -1.690000      -2.230000    
 1991  -2.020000      -1.190000     -0.7400000      -1.010000     -0.5100000      -1.470000     -0.1000000      0.3600000      0.6500000      0.4900000      0.4200000      0.9000000E-01
 1992  0.5000000E-01  0.3100000      0.6700000      0.7500000       1.540000       1.260000       1.900000       1.440000      0.8300000      0.9300000      0.9300000      0.5300000    
 1993  0.5000000E-01  0.1900000      0.7600000       1.210000       2.130000       2.340000       2.350000       2.690000       1.560000       1.410000       1.240000       1.070000    
 1994   1.210000      0.5900000      0.8000000       1.050000       1.230000      0.4600000      0.6000000E-01 -0.7900000      -1.360000      -1.320000      -1.960000      -1.790000    
 1995 -0.4900000      0.4600000      0.7500000      0.8300000       1.460000       1.270000       1.710000      0.2100000       1.160000      0.4700000     -0.2800000      0.1600000    
 1996  0.5900000      0.7500000       1.010000       1.460000       2.180000       1.100000      0.7700000     -0.1400000      0.2400000     -0.3300000      0.9000000E-01 -0.3000000E-01
 1997  0.2300000      0.2800000      0.6500000       1.050000       1.830000       2.760000       2.350000       2.790000       2.190000       1.610000       1.120000      0.6700000    
 1998  0.8300000       1.560000       2.010000       1.270000      0.7000000      0.4000000     -0.4000000E-01 -0.2200000      -1.210000      -1.390000     -0.5200000     -0.4400000    
 1999 -0.3200000     -0.6600000     -0.3300000     -0.4100000     -0.6800000      -1.300000     -0.6600000     -0.9600000      -1.530000      -2.230000      -2.050000      -1.630000    
 2000  -2.000000     -0.8300000      0.2900000      0.3500000     -0.5000000E-01 -0.4400000     -0.6600000      -1.190000      -1.240000      -1.300000     -0.5300000      0.5200000    
 2001  0.6000000      0.2900000      0.4500000     -0.3100000     -0.3000000     -0.4700000      -1.310000     -0.7700000      -1.370000      -1.370000      -1.260000     -0.9300000    
 2002  0.2700000     -0.6400000     -0.4300000     -0.3200000     -0.6300000     -0.3500000     -0.3100000      0.6000000      0.4300000      0.4200000       1.510000       2.100000    
 2003   2.090000       1.750000       1.510000       1.180000      0.8900000      0.6800000      0.9600000      0.8800000      0.1000000E-01  0.8300000      0.5200000      0.3300000    
 2004  0.4300000      0.4800000      0.6100000      0.5700000      0.8800000      0.4000000E-01  0.4400000      0.8500000      0.7500000     -0.1100000     -0.6300000     -0.1700000    
 2005  0.4400000      0.8100000       1.360000       1.030000       1.860000       1.170000      0.6600000      0.2500000     -0.4600000      -1.320000      -1.500000      0.2000000    
 2006   1.030000      0.6600000      0.5000000E-01  0.4000000      0.4800000       1.040000      0.3500000     -0.6500000     -0.9400000     -0.5000000E-01 -0.2200000      0.1400000    
 2007  0.1000000E-01  0.4000000E-01 -0.3600000      0.1600000     -0.1000000      0.9000000E-01  0.7800000      0.5000000     -0.3600000      -1.450000      -1.080000     -0.5800000    
 2008  -1.000000     -0.7700000     -0.7100000      -1.520000      -1.370000      -1.340000      -1.670000      -1.700000      -1.550000      -1.760000      -1.250000     -0.8700000    
 2009  -1.400000      -1.550000      -1.590000      -1.650000     -0.8800000     -0.3100000     -0.5300000      0.9000000E-01  0.5200000      0.2700000     -0.4000000      0.8000000E-01
 2010  0.8300000      0.8200000      0.4400000      0.7800000      0.6200000     -0.2200000      -1.050000      -1.270000      -1.610000      -1.060000     -0.8200000      -1.210000    
 2011 -0.9200000     -0.8300000     -0.6900000     -0.4200000     -0.3700000     -0.6900000      -1.860000      -1.740000      -1.790000      -1.340000      -2.330000      -1.790000    
 2012  -1.380000     -0.8500000      -1.050000     -0.2700000      -1.260000     -0.8700000      -1.520000      -1.930000      -2.210000     -0.7900000     -0.5900000     -0.4800000    
 2013 -0.1300000     -0.4300000     -0.6300000     -0.1600000      0.8000000E-01 -0.7800000      -1.250000      -1.040000     -0.4800000     -0.8700000     -0.1100000     -0.4100000    
 2014  0.3000000      0.3800000      0.9700000       1.130000       1.800000      0.8200000      0.7000000      0.6700000       1.080000       1.490000       1.720000       2.510000    
 2015   2.450000       2.300000       2.000000       1.440000       1.200000       1.540000       1.840000       1.560000       1.940000       1.470000      0.8600000       1.010000    
 2016   1.530000       1.750000       2.400000       2.620000       2.350000       2.030000       1.250000      0.5200000      0.4500000      0.5600000       1.880000       1.170000    
 2017  0.7700000      0.7000000      0.7400000       1.120000      0.8800000      0.7900000      0.1000000      0.9000000E-01  0.3200000      0.5000000E-01  0.1500000      0.5000000    
